numer_komentarza,nastepnik_komentarza
248,374
41,705
4,778
23,904
82,82
164,164
820,820
902,902
849,849
104,446
66,624
193,193
709,709
791,791
112,459
242,627
30,377
2,558
4,609
47,137
22,433
53,53
931,931
270,569
224,780
10,233
680,680
294,432
27,116
10,333
275,275
71,913
236,903
71,238
11,781
651,651
1,33
83,269
19,510
15,645
290,897
63,463
66,163
304,619
13,663
124,966
14,773
12,891
347,347
85,950
9,446
292,381
229,640
12,46
21,953
20,889
17,628
555,555
20,228
29,828
82,305
526,526
35,306
1,571
10,602
540,540
777,777
275,690
569,569
137,701
64,810
18,600
9,661
155,402
96,394
10,702
318,318
806,806
246,477
182,801
85,458
10,931
11,758
333,333
863,863
10,41
60,101
96,96
53,482
77,291
39,39
125,125
304,304
598,598
210,935
8,113
19,533
271,848
97,97
245,605
324,686
6,683
25,809
584,584
117,840
63,340
76,135
835,835
30,984
14,60
58,265
68,68
111,111
612,612
694,694
22,81
34,233
9,861
195,988
72,462
208,208
238,917
4,140
11,895
20,780
67,67
583,583
155,823
78,255
8,989
9,907
723,723
999,999
190,647
60,479
27,829
68,277
191,417
133,461
73,804
79,797
88,235
304,871
184,906
11,283
178,178
554,554
112,980
66,157
665,665
111,578
246,746
53,167
10,273
86,445
2,212
11,314
39,683
10,748
12,378
5,902
221,221
666,666
19,89
79,259
192,192
304,413
77,723
30,154
236,236
41,121
14,882
250,250
96,465
187,675
60,133
207,207
637,637
119,585
181,785
81,862
11,28
61,174
42,263
623,623
247,387
181,393
179,763
14,796
194,194
171,596
159,859
80,990
74,751
53,983
6,45
44,889
98,946
14,890
150,150
179,179
652,652
695,695
165,165
681,681
317,437
297,831
9,821
136,136
222,222
290,811
41,634
29,814
48,276
2,721
147,736
53,834
20,760
375,375
416,416
11,798
30,191
13,408
515,515
556,556
5,679
110,425
75,918
25,846
5,625
20,852
334,334
85,821
68,915
128,913
5,38
4,638
323,559
9,701
6,912
4,369
235,235
317,317
708,708
790,790
77,136
10,316
98,379
190,567
288,817
26,415
38,530
31,673
81,81
124,124
597,597
233,602
233,656
104,724
457,457
19,258
26,407
30,417
71,286
930,930
973,973
184,866
11,188
87,815
115,334
293,351
19,470
150,774
53,680
14,979
139,139
640,640
14,744
848,848
207,608
160,654
190,702
10,204
10,745
332,332
11,595
291,291
807,807
40,40
83,83
65,382
11,54
35,257
227,798
49,612
541,541
103,342
198,806
276,276
513,513
283,877
170,543
53,837
315,512
19,135
93,831
971,971
291,895
498,498
10,888
319,319
749,749
792,792
25,25
9,724
19,527
13,488
11,360
10,190
19,221
21,349
18,560
9,458
207,476
256,816
11,492
401,401
442,442
805,805
221,470
82,649
58,800
24,779
83,404
39,912
958,958
83,427
59,123
431,431
472,472
114,636
304,971
8,179
32,978
261,733
13,574
500,500
181,725
159,893
85,446
41,130
20,955
14,962
945,945
171,868
6,105
42,254
21,332
27,27
19,252
28,283
9,999
14,830
289,289
55,55
253,549
32,351
30,466
80,615
95,639
13,557
876,876
46,454
30,520
360,360
279,348
315,973
73,509
4,480
176,699
19,158
10,370
388,388
429,429
11,171
80,772
33,418
833,833
9,137
5,736
16,824
9,850
874,874
54,151
271,439
279,975
20,531
14,461
9,372
988,988
319,336
19,118
50,507
53,256
818,818
904,904
92,827
13,746
459,459
41,711
98,176
10,777
932,932
100,696
14,641
487,487
174,539
93,628
47,750
11,712
917,917
960,960
11,108
19,275
58,603
38,272
8,814
8,900
373,373
444,444
65,757
10,691
846,846
889,889
163,529
109,570
47,303
10,840
304,642
284,938
2,375
5,665
208,397
100,808
70,262
9,695
25,629
41,41
123,123
12,58
18,964
890,890
183,908
17,616
779,779
12,12
25,437
750,750
832,832
291,712
17,831
78,421
234,234
345,345
972,972
181,611
291,758
861,861
191,637
37,706
77,188
10,997
94,94
14,132
639,639
18,626
19,690
16,498
10,705
528,528
200,568
2,109
13,176
97,478
263,263
374,374
81,536
68,234
403,403
668,668
29,900
269,448
256,552
25,145
32,494
152,152
5,147
57,175
22,153
58,929
292,292
470,470
73,300
306,306
514,514
320,326
9,303
166,495
227,892
30,512
85,999
22,874
10,559
20,485
18,357
2,209
485,485
234,726
9,395
277,277
707,707
224,531
69,659
44,955
20,654
248,248
456,456
499,499
63,228
177,540
721,721
18,128
19,192
25,268
38,318
111,844
190,888
71,203
986,986
77,895
49,669
19,384
13,729
5,662
75,812
85,907
92,618
653,653
735,735
16,100
80,120
58,514
64,209
13,952
289,867
83,527
88,776
278,278
624,624
9,103
13,666
167,167
287,693
87,921
13,551
21,518
14,538
12,487
108,108
682,682
764,764
169,433
254,922
40,876
14,561
10,336
793,793
258,589
18,205
79,906
94,709
5,530
137,137
582,582
765,765
4,274
13,720
117,362
65,826
11,486
109,109
320,320
155,591
235,936
283,951
30,672
2,847
166,166
693,693
736,736
118,380
234,563
12,848
50,324
19,799
6,755
11,678
138,138
220,220
310,898
10,121
73,409
722,722
9,750
611,611
654,654
249,249
35,380
73,561
75,689
4,31
12,496
596,596
751,751
73,538
54,910
625,625
190,467
151,151
75,497
258,887
47,701
61,738
51,145
5,287
38,693
98,150
610,610
696,696
6,202
180,180
292,613
280,876
40,292
274,339
47,501
41,748
31,155
667,667
201,987
50,301
638,638
211,498
68,563
44,646
4,752
11,898
122,122
176,430
66,529
183,925
4,552
288,422
13,477
445,445
527,527
25,59
19,481
10,711
62,934
91,230
486,486
321,688
116,744
98,774
71,942
237,378
22,677
34,585
264,264
168,472
46,766
238,419
9,950
2,644
153,153
626,626
195,496
310,652
737,737
153,709
73,260
118,933
96,892
85,103
83,221
679,679
862,862
944,944
10,270
346,346
85,395
53,416
19,899
819,819
94,526
35,933
9,501
95,95
568,568
19,404
206,206
1000,1000
50,653
303,303
763,763
11,291
54,54
60,940
68,148
41,316
25,474
262,262
985,985
97,607
32,849
136,519
14,223
21,547
133,347
69,69
110,110
361,361
23,795
33,578
54,595
11,11
484,484
291,360
11,652
778,778
2,764
19,335
348,348
512,512
240,934
58,271
8,568
305,305
821,821
18,71
44,159
570,570
25,317
70,537
38,902
79,184
72,522
33,633
75,320
19,427
10,296
29,330
19,35
231,471
187,641
95,132
35,581
21,658
290,290
987,987
211,398
4,397
331,331
288,657
63,546
26,26
501,501
11,394
834,834
188,914
542,542
53,597
85,724
87,852
50,307
847,847
65,588
73,223
12,988
172,932
34,333
13,946
916,916
12,195
93,616
443,443
46,216
389,389
471,471
151,580
286,600
288,728
57,813
53,213
10,319
59,401
37,569
238,923
20,222
52,349
83,510
918,918
959,959
41,385
106,778
804,804
184,391
114,553
26,896
13,13
75,311
8,763
417,417
203,992
10,130
37,294
974,974
193,963
10,436
359,359
458,458
141,740
178,885
83,470
112,825
20,159
82,285
272,354
120,772
11,151
41,691
888,888
35,801
2,810
402,402
415,415
15,219
875,875
29,582
13,789
10,585
903,903
13,640
860,860
946,946
85,661
6,39
11,457
387,387
430,430
473,473
49,231
11,606
328,328
312,655
296,982
26,290
246,246
984,984
18,607
357,357
111,633
9,484
135,350
75,770
135,135
386,386
84,855
59,905
24,24
34,119
111,418
74,660
57,754
67,926
300,509
158,924
184,953
9,215
19,986
12,929
497,497
579,579
82,289
19,548
468,468
815,815
9,261
79,443
4,916
11,389
106,106
762,762
926,926
6,415
690,690
873,873
955,955
17,428
13,901
622,622
704,704
12,937
217,217
550,550
733,733
270,753
11,727
9,599
9,845
188,188
439,439
801,801
844,844
95,883
77,77
511,511
593,593
191,672
100,820
197,748
13,157
62,568
72,640
22,709
116,447
5,903
564,564
719,719
4,816
323,491
15,875
227,727
10,10
748,748
324,847
12,216
20,160
71,960
93,325
279,409
6,438
228,760
25,280
41,214
321,394
322,458
201,890
14,842
309,671
141,841
10,302
142,768
10,294
4,455
128,854
187,639
112,912
940,940
4,802
454,454
536,536
26,811
33,1000
565,565
37,993
91,91
969,969
153,526
75,226
38,38
60,431
160,546
31,442
93,125
483,483
14,513
8,941
594,594
4,564
14,490
970,970
264,468
13,163
30,315
12,193
92,836
49,49
453,453
291,678
290,697
10,411
607,607
41,783
425,425
496,496
149,149
898,898
941,941
103,506
74,331
26,897
66,945
636,636
912,912
998,998
125,392
75,587
41,775
9,9
482,482
525,525
81,677
53,806
120,120
76,350
63,63
467,467
162,926
24,554
10,156
53,752
42,922
29,113
130,630
294,745
9,115
11,243
107,107
608,608
78,78
157,508
11,910
92,92
983,983
185,473
141,981
4,172
5,236
52,264
121,121
164,846
954,954
4,309
21,805
47,599
194,441
150,789
31,402
10,634
156,965
93,434
59,622
75,117
282,510
23,43
176,379
5,173
277,524
159,579
293,861
77,758
609,609
691,691
773,773
109,791
47,450
77,781
31,823
539,539
152,488
186,718
97,994
61,375
90,596
36,671
75,323
650,650
163,624
51,967
245,345
148,915
79,391
592,592
201,830
25,40
16,55
9,954
11,541
19,911
122,606
53,500
35,35
551,551
732,732
913,913
399,399
242,399
270,959
10,362
134,134
216,216
872,872
37,432
9,985
92,647
5,648
10,918
76,548
2,61
58,440
23,23
118,335
274,274
82,790
195,929
51,629
13,807
260,538
48,952
212,855
10,700
915,915
260,561
12,685
356,356
267,629
295,955
77,389
88,219
177,177
218,218
60,534
55,620
11,956
5,525
119,119
734,734
73,962
397,397
200,989
61,126
4,833
11,813
956,956
235,645
27,386
19,588
440,440
303,879
100,399
175,175
648,648
192,765
128,960
92,467
63,495
95,708
24,843
16,627
251,799
68,850
14,940
857,857
85,115
455,455
32,861
100,242
255,904
92,567
13,784
233,233
706,706
160,340
75,761
26,138
10,119
72,746
8,62
17,93
69,222
20,546
1,111
21,184
66,410
54,590
51,183
14,327
184,332
103,907
14,187
788,788
343,343
384,384
149,487
207,852
92,702
40,164
18,913
261,261
302,302
829,829
31,565
247,353
219,703
185,722
26,742
37,753
9,341
294,997
71,419
201,773
13,566
10,706
91,225
257,460
197,705
46,698
19,605
5,743
203,203
676,676
117,918
414,414
163,945
22,102
19,651
231,231
747,747
9,450
371,371
2,791
887,887
255,583
75,982
63,166
324,558
39,755
82,924
52,141
8,406
1,503
760,760
18,97
18,286
315,315
745,745
10,511
77,678
35,899
23,421
816,816
859,859
35,335
79,540
48,551
9,733
204,436
219,875
38,648
259,259
300,300
775,775
28,573
42,779
11,77
358,358
66,676
5,30
9,725
22,526
803,803
46,878
10,385
330,330
244,244
831,831
73,979
4,793
272,272
717,717
72,566
47,985
13,48
61,109
22,471
278,946
11,704
369,369
205,205
287,287
181,849
68,372
60,451
14,708
200,998
71,894
6,549
943,943
180,739
71,917
14,447
176,176
67,162
14,639
15,703
204,333
66,152
316,316
297,428
31,591
13,452
143,643
287,648
32,632
49,169
6,741
271,514
87,621
179,406
2,539
12,250
41,732
96,798
218,484
51,435
234,372
252,588
312,881
2,301
53,609
96,652
634,634
116,327
131,766
313,968
678,678
149,544
4,198
75,475
38,287
11,670
257,961
14,101
47,341
35,118
165,715
92,710
63,160
133,133
40,822
16,398
162,162
282,427
65,970
929,929
184,443
92,610
9,879
355,355
885,885
302,411
29,179
427,427
692,692
13,529
20,340
383,383
900,900
14,201
19,668
20,646
219,219
649,649
914,914
2,570
11,601
190,190
398,398
441,441
928,928
4,106
53,778
13,337
412,412
871,871
957,957
296,770
9,181
12,963
4,996
147,147
620,620
663,663
130,931
25,123
54,550
899,899
30,973
10,783
80,143
2,507
79,79
606,606
10,497
495,495
5,110
9,218
553,553
635,635
229,412
241,681
76,668
524,524
100,356
25,183
15,88
14,95
155,328
664,664
316,691
25,292
61,570
96,108
191,191
212,483
80,80
170,658
268,822
58,884
14,479
14,722
20,815
40,613
4,673
5,737
92,888
552,552
8,240
49,684
37,959
22,22
20,463
997,997
117,700
28,951
66,66
968,968
31,339
6,896
581,581
205,357
537,537
567,567
23,255
37,37
98,789
5,502
111,367
167,752
68,524
78,768
8,8
21,52
11,839
51,51
481,481
168,616
13,246
15,872
25,967
6,343
93,93
566,566
63,329
36,36
179,575
60,388
65,65
538,538
305,649
21,21
46,131
52,170
64,64
996,996
72,666
7,7
523,523
292,860
21,264
48,557
82,867
53,932
509,509
595,595
44,893
51,114
50,50
982,982
22,669
10,689
63,146
73,882
580,580
703,703
77,712
71,731
19,765
322,395
65,251
761,761
802,802
843,843
884,884
16,696
26,714
510,510
311,777
115,818
19,788
105,105
621,621
662,662
46,935
20,921
295,889
9,244
9,785
117,812
97,361
13,412
12,751
52,52
21,141
901,901
228,485
157,574
95,187
4,584
25,435
83,651
13,469
21,390
245,245
288,288
236,990
25,51
428,428
14,284
83,605
48,729
85,733
81,139
58,237
5,637
177,518
65,589
163,163
85,215
385,385
73,513
90,868
148,148
927,927
138,528
263,779
38,737
30,939
12,210
426,426
2,307
5,425
578,578
103,944
30,555
71,762
19,396
17,434
411,411
276,729
886,886
139,927
22,139
370,370
96,492
189,189
97,456
71,854
60,185
4,155
19,382
9,524
677,677
942,942
219,872
22,231
75,326
63,687
73,284
469,469
72,477
720,720
79,866
204,204
247,247
136,723
6,383
281,941
92,667
80,736
776,776
817,817
858,858
314,949
18,86
372,372
253,741
123,905
9,32
161,161
52,771
53,480
80,189
202,202
239,607
259,797
54,782
47,879
93,428
70,449
2,653
1,844
290,714
29,763
97,928
10,311
70,426
12,439
11,590
759,759
18,203
413,413
18,180
77,360
40,381
232,232
705,705
787,787
205,626
229,930
70,363
62,989
342,342
19,499
260,260
718,718
112,683
65,400
12,800
314,314
127,910
14,473
9,556
258,384
308,573
33,367
65,887
98,337
66,358
96,898
10,812
84,483
37,129
80,298
264,368
295,646
77,486
12,70
18,478
230,230
789,789
830,830
26,253
85,261
19,350
400,400
19,373
8,998
6,870
329,329
82,873
19,757
286,286
845,845
10,577
88,645
73,842
746,746
322,661
2,324
25,114
273,273
140,837
39,383
11,57
14,347
15,423
243,486
77,243
731,731
249,862
5,857
302,706
774,774
304,983
94,206
10,491
344,344
13,930
258,258
301,301
410,410
492,492
165,750
19,909
106,482
26,528
521,521
109,505
41,352
53,552
71,614
381,381
463,463
310,719
98,469
63,593
10,993
352,352
714,714
201,490
68,376
47,851
19,786
603,603
145,967
47,728
661,661
743,743
252,400
16,356
632,632
5,5
316,489
61,734
270,270
291,516
26,697
159,159
772,772
103,950
98,784
48,48
13,72
94,865
1,578
8,681
299,299
289,396
22,249
8,535
24,623
13,464
6,407
34,34
757,757
48,217
205,478
245,858
85,405
227,227
19,19
65,192
11,313
25,925
4,671
994,994
155,455
22,403
728,728
257,581
11,550
9,422
21,906
71,199
29,681
44,859
786,786
304,680
319,827
37,364
11,719
449,449
535,535
53,106
965,965
112,383
93,472
241,241
9,322
12,514
506,506
979,979
284,882
477,477
246,522
5,466
17,297
18,361
288,501
152,663
82,911
169,669
6,138
29,575
93,194
242,820
21,468
88,703
68,845
96,956
11,682
10,618
4,493
5,772
366,366
10,117
94,874
49,433
41,635
96,670
395,395
106,834
41,489
911,911
151,782
9,124
17,168
11,227
96,716
1,418
20,329
62,62
811,811
139,536
11,321
47,359
251,757
207,921
869,869
951,951
138,343
250,449
168,628
9,393
424,424
143,615
367,367
20,20
26,105
82,158
78,886
14,534
478,478
840,840
221,420
111,571
131,878
84,764
507,507
250,363
186,604
296,991
4,971
324,324
980,980
251,373
57,517
5,643
66,408
20,859
353,353
396,396
85,342
47,422
14,674
19,649
839,839
108,716
19,826
18,762
20,819
291,839
129,993
2,734
14,388
254,843
21,170
11,573
883,883
19,65
245,835
79,518
12,331
854,854
170,771
62,998
98,452
338,338
868,868
10,34
161,462
11,596
12,660
10,532
438,438
897,897
15,186
12,237
90,869
380,380
25,908
825,825
250,426
163,676
81,403
882,882
13,885
409,409
83,245
304,597
10,732
925,925
80,147
82,275
186,521
274,833
319,667
319,710
175,754
12,131
9,966
51,553
14,451
853,853
896,896
200,535
289,911
50,523
82,533
274,996
12,271
24,91
12,935
4,565
855,855
867,867
71,992
84,212
5,414
117,117
158,158
814,814
83,835
31,328
14,829
9,977
31,274
150,452
4,442
76,76
32,484
41,592
339,339
272,530
47,657
19,251
23,768
9,405
257,257
229,338
75,991
65,481
88,875
21,866
12,881
181,632
633,633
797,797
153,759
4,619
966,966
20,69
309,638
130,711
82,690
450,450
493,493
575,575
72,246
305,873
10,323
28,877
243,601
10,761
199,199
715,715
319,836
80,662
63,756
71,923
9,67
54,127
178,551
324,653
59,803
18,928
6,444
549,549
22,94
303,542
4,339
19,400
341,341
382,382
318,792
9,851
590,590
185,431
294,511
311,577
203,942
34,532
65,976
18,739
77,601
40,846
25,401
13,676
160,160
22,684
109,734
128,717
307,721
95,969
74,881
22,927
14,883
4,416
992,992
318,737
73,674
10,635
33,33
298,298
264,349
275,365
197,385
147,743
5,672
771,771
18,18
2,84
148,850
20,146
283,283
756,756
799,799
150,337
133,388
260,979
964,964
19,282
68,954
20,687
61,61
491,491
534,534
113,582
19,182
20,295
53,584
9,920
58,988
618,618
700,700
19,56
24,42
14,116
52,368
132,132
255,255
659,659
189,625
94,759
75,965
11,868
313,313
214,732
249,677
10,432
173,173
214,214
105,870
9,293
41,735
11,782
74,74
730,730
104,631
124,821
29,406
12,537
11,688
25,636
11,344
81,927
14,617
547,547
277,556
16,808
77,968
21,771
39,112
174,375
310,453
242,242
18,238
15,936
102,102
285,285
672,672
758,758
4,871
13,856
135,548
145,145
186,186
631,631
319,618
71,600
37,745
58,195
199,614
308,694
15,521
19,448
221,838
180,445
16,299
22,612
130,130
171,171
687,687
55,211
62,240
44,295
36,638
61,791
13,699
192,382
57,457
646,646
689,689
57,606
5,947
21,740
17,194
74,655
115,115
25,267
8,767
72,229
319,610
66,488
143,143
229,229
616,616
702,702
4,213
9,631
14,594
24,254
13,338
11,453
201,201
674,674
85,124
178,952
19,769
179,424
10,346
124,695
10,197
451,451
533,533
75,559
10,214
19,245
12,603
10,475
197,783
92,319
20,593
11,516
314,595
9,104
66,574
19,460
13,713
340,340
177,547
261,972
85,631
66,720
11,562
19,76
562,562
644,644
673,673
68,794
79,953
311,311
422,422
9,342
305,533
149,751
160,756
4,974
11,877
74,134
26,202
211,620
19,345
282,282
208,673
5,792
93,168
201,479
17,125
39,504
171,869
142,886
40,860
14,969
5,984
798,798
106,493
136,541
47,817
4,482
104,104
268,268
842,842
71,717
9,542
297,297
813,813
9,657
20,893
89,89
605,605
112,755
100,824
5,354
576,576
784,784
827,827
10,37
13,229
60,60
32,218
96,321
267,435
178,557
12,265
34,346
15,718
24,749
519,519
101,796
4,167
68,556
18,994
118,118
591,591
856,856
174,738
46,46
152,720
22,429
9,926
14,348
548,548
50,686
25,905
75,75
326,326
150,784
25,613
577,577
5,615
981,981
13,430
14,185
61,539
80,665
34,707
6,504
325,325
770,770
51,636
296,296
952,952
165,985
5,154
11,968
354,354
436,436
6,26
25,822
881,881
23,78
97,239
282,651
37,997
72,412
54,682
66,957
10,827
6,742
11,914
465,465
870,870
88,423
19,858
18,942
22,206
38,792
812,812
2,64
58,378
841,841
57,122
210,355
8,200
254,623
244,376
253,407
227,562
14,431
9,794
923,923
163,410
103,999
14,279
80,857
14,133
19,305
6,112
394,394
924,924
92,190
479,479
953,953
135,668
44,579
909,909
60,890
18,456
895,895
20,63
271,884
63,819
39,444
5,377
4,983
73,279
93,297
30,679
16,399
938,938
233,346
252,970
11,247
508,508
70,232
277,845
80,625
77,704
53,916
10,775
4,834
910,910
53,140
87,207
4,642
437,437
967,967
146,819
201,940
52,468
13,152
408,408
494,494
19,285
85,863
452,452
195,603
11,353
466,466
299,371
130,634
131,698
44,948
9,817
21,797
12,766
480,480
79,177
15,366
10,489
423,423
6,825
939,939
11,310
184,805
4,304
31,397
85,322
937,937
307,644
6,6
10,569
88,88
744,744
40,474
978,978
96,719
13,358
47,47
30,502
76,786
12,440
58,747
187,187
255,421
33,571
317,401
146,146
522,522
604,604
686,686
14,73
165,341
239,456
199,894
51,925
216,454
224,621
192,826
46,355
13,945
14,27
207,815
9,359
995,995
20,756
14,975
228,228
13,66
29,941
11,387
13,853
464,464
561,561
826,826
87,224
10,320
17,472
310,310
130,370
184,390
245,787
110,939
135,786
106,802
77,344
4,837
312,312
505,505
520,520
37,270
272,902
60,987
11,576
95,594
619,619
11,127
13,178
368,368
73,943
25,876
92,336
327,327
13,278
83,448
563,563
828,828
124,692
321,492
4,4
132,708
90,90
742,742
19,82
151,550
96,727
9,728
993,993
20,495
32,32
269,269
785,785
279,962
21,259
10,592
5,417
122,813
31,208
157,901
10,735
1,633
243,243
729,729
65,252
60,830
9,863
88,872
20,166
87,476
589,589
630,630
163,957
39,438
2,505
19,835
85,966
144,144
800,800
80,525
13,624
15,604
18,894
19,365
85,920
11,519
25,553
103,103
284,284
273,689
52,740
53,816
72,930
131,131
213,213
658,658
2,50
85,104
110,555
20,621
12,454
10,326
185,185
701,701
68,244
66,508
174,174
256,256
647,647
315,679
123,803
675,675
716,716
206,874
245,598
51,908
9,376
101,101
5,191
53,369
116,116
271,271
660,660
185,451
86,964
83,345
28,694
19,420
8,575
324,507
4,413
157,157
41,197
276,853
9,611
9,47
11,175
12,878
11,716
25,381
645,645
160,329
223,617
153,865
280,474
222,659
38,354
21,368
200,200
617,617
86,180
19,961
83,282
16,820
111,1000
79,332
11,951
212,764
77,541
47,542
98,807
5,520
688,688
133,534
27,744
14,943
4,256
61,505
77,839
129,129
172,172
215,215
574,574
656,656
738,738
75,156
281,828
109,958
52,841
11,136
24,922
5,512
14,804
685,685
309,793
77,353
50,644
6,714
42,554
13,379
59,437
15,776
48,178
176,464
317,622
40,280
278,713
58,496
82,788
8,934
96,310
21,177
77,576
10,364
22,49
13,410
11,90
18,239
112,444
391,391
921,921
5,143
183,183
322,405
98,430
19,801
10,770
892,892
60,201
245,527
93,441
17,650
936,936
25,164
65,384
37,411
212,212
420,420
8,29
37,511
50,721
85,972
66,663
194,434
256,609
198,198
9,85
117,587
127,682
323,761
88,366
10,647
18,614
670,670
907,907
81,249
19,572
140,140
434,434
20,44
53,198
305,499
209,810
220,969
42,623
34,656
169,169
642,642
97,205
256,480
376,376
4,402
627,627
950,950
318,947
2,174
9,277
53,974
613,613
699,699
878,878
19,380
1,1000
19,970
154,154
362,362
405,405
448,448
111,503
136,576
182,909
27,447
63,485
2,374
61,374
782,782
864,864
121,635
83,598
893,893
120,665
137,832
138,896
241,900
74,544
108,465
123,809
16,242
82,365
58,848
2,958
237,237
641,641
95,675
65,799
18,445
19,787
266,266
922,922
240,767
20,659
85,695
66,901
8,828
295,295
193,891
36,793
10,610
23,995
12,884
9,692
18,923
90,171
121,775
4,823
63,654
321,670
52,543
18,731
46,210
296,497
120,857
16,211
82,396
11,580
180,964
9,162
19,257
85,334
5,973
309,309
795,795
9,68
34,602
265,265
710,710
221,864
5,189
6,253
280,280
321,956
31,833
61,958
739,739
249,429
169,684
11,122
100,627
766,766
14,220
33,844
88,718
16,371
4,932
309,564
165,851
99,371
85,506
80,743
9,915
279,279
752,752
88,604
10,587
781,781
796,796
32,611
9,715
245,404
260,674
98,699
323,323
753,753
824,824
62,767
19,924
294,294
351,351
308,308
337,337
94,153
205,361
188,704
251,251
724,724
767,767
810,810
314,590
11,949
154,520
26,741
83,858
19,838
278,469
265,800
20,476
6,528
908,908
49,102
38,515
12,747
281,281
112,438
52,981
160,593
30,425
86,739
12,363
141,141
182,182
223,223
433,433
121,592
78,795
19,289
73,617
949,949
990,990
218,494
97,357
2,483
12,655
20,948
474,474
235,423
293,293
809,809
891,891
72,338
10,753
13,957
213,500
392,392
154,466
55,398
93,650
10,707
6,459
59,59
532,532
263,749
8,241
82,986
13,462
29,281
148,954
49,471
12,544
476,476
713,713
83,420
73,586
140,369
82,499
39,825
25,880
98,98
435,435
599,599
218,978
12,355
865,865
906,906
60,722
20,579
614,614
657,657
53,304
210,937
97,626
79,805
655,655
698,698
850,850
24,263
197,197
377,377
215,863
9,632
96,227
12,232
93,392
76,572
14,987
22,862
288,599
5,272
30,637
240,240
3,3
306,769
9,506
19,933
44,44
85,85
126,126
489,489
571,571
98,278
161,566
35,961
6,811
934,934
68,726
19,887
5,939
530,530
116,386
19,864
27,144
208,442
293,977
60,473
5,555
14,586
390,390
16,620
29,241
47,288
121,735
79,390
75,700
58,963
18,992
21,443
560,560
176,856
18,199
53,413
156,156
601,601
8,281
10,919
252,481
257,899
75,777
184,184
418,418
75,840
51,880
10,965
58,439
6,897
16,16
78,142
263,554
79,547
77,914
113,113
543,543
629,629
62,200
36,309
205,928
9,944
962,962
165,359
249,403
135,572
305,788
19,589
558,558
252,976
60,347
57,57
72,72
70,250
149,331
266,664
304,916
947,947
149,660
18,717
1,1
42,42
87,87
128,128
517,517
238,762
14,14
34,204
295,948
31,996
10,730
588,588
26,343
52,658
12,74
102,612
13,150
75,362
65,765
573,573
173,377
65,373
35,460
18,960
19,581
29,29
100,100
502,502
545,545
4,597
975,975
77,247
191,502
31,455
615,615
697,697
267,880
83,787
167,974
504,504
53,172
19,790
18,419
11,869
74,664
47,832
11,892
195,747
16,99
228,687
17,17
305,986
58,891
39,980
83,864
46,937
32,977
11,723
364,364
446,446
99,299
393,393
557,557
755,755
919,919
2,738
210,210
866,866
214,919
32,785
99,99
335,335
977,977
301,523
223,804
19,598
10,567
70,70
253,253
726,726
808,808
88,186
27,327
10,667
321,321
475,475
837,837
19,306
81,429
586,586
948,948
991,991
10,467
10,959
181,181
224,224
432,432
13,276
41,931
12,449
13,774
236,662
9,234
29,424
9,849
12,426
95,641
31,31
461,461
4,53
304,584
233,707
10,129
14,409
20,87
9,165
14,509
77,387
239,239
490,490
12,312
74,487
60,773
50,847
59,809
1,367
9,334
21,841
9,726
10,92
315,414
38,947
14,938
214,352
175,457
2,523
10,982
288,450
9,818
95,220
78,904
11,754
5,515
302,364
25,860
59,317
142,795
19,269
39,459
80,903
4,328
407,407
2,248
33,503
823,823
32,293
712,712
32,725
42,749
58,107
242,824
9,978
4,591
4,806
22,536
196,196
852,852
157,358
208,565
11,517
225,225
741,741
21,543
30,173
40,268
161,666
238,238
683,683
894,894
297,650
300,842
822,822
307,307
349,349
711,711
783,783
794,794
769,769
851,851
20,224
53,802
42,843
378,378
740,740
232,537
96,453
77,519
78,583
267,267
350,350
880,880
51,267
234,794
60,796
58,193
9,351
19,873
10,630
11,694
26,870
12,664
22,759
195,195
754,754
33,111
300,513
54,580
20,608
17,392
365,365
71,128
54,314
53,493
73,938
2,855
21,981
209,209
725,725
61,248
336,336
379,379
204,532
316,730
286,731
8,424
11,545
10,991
74,312
273,475
210,685
278,807
189,525
9,288
25,622
10,352
28,308
54,949
53,971
78,995
23,886
5,318
98,464
98,856
60,490
35,909
22,865
187,594
6,290
41,730
21,540
170,170
252,252
75,273
220,883
322,322
26,549
80,643
211,211
80,236
318,515
239,560
215,920
838,838
920,920
9,148
62,535
53,642
87,780
363,363
404,404
166,463
53,619
879,879
243,344
85,944
112,112
421,421
503,503
768,768
77,313
77,516
88,936
13,508
8,330
11,96
105,742
780,780
4,680
5,990
6,697
30,30
60,461
63,760
14,675
75,296
30,414
41,630
47,715
2,686
877,877
34,436
36,564
643,643
669,669
684,684
55,498
406,406
447,447
97,560
46,685
21,79
96,562
87,608
628,628
72,161
65,258
142,995
20,207
836,836
30,110
74,266
88,521
87,531
96,688
9,563
462,462
585,585
727,727
219,776
173,984
5,315
4,500
9,832
198,416
32,181
19,976
25,803
935,935
5,80
116,829
168,168
254,254
14,260
226,226
202,415
4,208
23,583
237,440
23,142
13,98
47,165
281,330
41,919
12,698
419,419
460,460
6,980
56,56
73,73
671,671
35,182
113,814
35,769
11,465
13,522
963,963
15,15
85,818
83,838
114,114
41,370
18,917
155,155
112,504
75,577
21,391
976,976
572,572
96,545
5,693
13,161
48,885
518,518
529,529
600,600
10,75
32,393
75,491
2,2
12,149
10,710
8,582
45,45
84,84
127,127
4,36
905,905
163,408
73,348
9,494
5,120
28,28
546,546
223,586
260,943
53,871
14,386
74,149
50,558
85,692
142,142
488,488
15,235
98,713
10,656
933,933
587,587
108,545
285,790
544,544
235,366
205,994
11,308
989,989
37,302
12,266
19,867
58,58
71,71
531,531
22,169
14,300
961,961
175,517
17,441
559,559
18,854
247,781
9,972
516,516
602,602
80,196
247,389
48,853
73,975
19,83
10,836
43,43
86,86
